local s = Instance.new('KeyframeSequence')
s.Name = 'Sammy_Export_1775316927.7035077'
s.Parent = game.Workspace
local function p(name, cf, parent)
    local pose = Instance.new('Pose')
    pose.Name = name
    pose.CFrame = cf
    pose.Parent = parent
    return pose
end

local k1 = Instance.new('Keyframe') k1.Time = 0.008333333767950535 k1.Parent = s
p('RightFoot', CFrame.new(-7.88041745636292e-07, 0.0009702793904580176, -0.0003290605382062495, 0.9985476732254028, 0.053722579032182693, 0.004042636603116989, -0.04611947759985924, 0.891187310218811, -0.45128509402275085, -0.027846939861774445, 0.45044323801994324, 0.8923707008361816), k1)
p('LeftLowerLeg', CFrame.new(-1.654146046803362e-07, -7.909746955192531e-07, -1.412160628433412e-07, 1, -0, 0, 0, 0.8970047235488892, 0.442020982503891, -0, -0.442020982503891, 0.8970047235488892), k1)
p('LeftUpperArm', CFrame.new(-0.0007729481440037489, 0.0000837212719488889, -0.00007232512143673375, 0.9982041716575623, 0.05446111038327217, -0.024948110803961754, -0.04956071451306343, 0.9847581386566162, 0.1667187511920929, 0.033647529780864716, -0.1651829183101654, 0.9856888651847839), k1)
p('LowerTorso', CFrame.new(-0.15113583207130432, -0.21072188019752502, -0.15113583207130432, 1, 0, 0, 0, 1, 0, 0, 0, 1), k1)
p('LeftUpperLeg', CFrame.new(-0.1264132857322693, -0.0779450386762619, -0.34011566638946533, 0.9987204074859619, -0.04630407691001892, -0.02033340558409691, 0.03850620985031128, 0.9569141268730164, -0.2878064513206482, 0.03278393670916557, 0.2866552472114563, 0.9574726819992065), k1)
p('Head', CFrame.new(8.923486838341432e-09, -0.0000011902218375325901, 1.9813869656104544e-08, 1, 0, 0, 0, 1, 0, 0, 0, 1), k1)
p('RightHand', CFrame.new(-0.000016429090464953333, -0.00029863743111491203, -0.000009388305443280842, 0.989278256893158, 0.09825533628463745, -0.10804840922355652, -0.06616181135177612, 0.9610864520072937, 0.2682078182697296, 0.1301967054605484, -0.25818344950675964, 0.9572826623916626), k1)
p('RightUpperLeg', CFrame.new(0.18362778425216675, -0.4919634163379669, -0.009055704809725285, 0.9991774559020996, -0.037928152829408646, 0.014348763041198254, 0.03840507194399834, 0.9986642003059387, -0.034567952156066895, -0.013018523342907429, 0.035090573132038116, 0.9992993474006653), k1)
p('RightLowerArm', CFrame.new(-0.001663491944782436, 0.00033202720806002617, 8.131439130920626e-07, 0.999702513217926, -0.02152300626039505, -0.011474333703517914, 0.012040555477142334, 0.8446106314659119, -0.5352455973625183, 0.021211441606283188, 0.5349481701850891, 0.844618558883667), k1)
p('UpperTorso', CFrame.new(-2.7898072740839552e-09, 0, 2.789635633604348e-09, 0.9964216351509094, -0.007064017467200756, 0.08422598987817764, 0.000001576961949467659, 0.9965029358863831, 0.08355803042650223, -0.08452170342206955, -0.08325890451669693, 0.9929370880126953), k1)
p('LeftHand', CFrame.new(0.000021131652829353698, 0.00005016857903683558, -0.0000059541080190683715, 0.9941985011100769, 0.04456409439444542, -0.09789472818374634, -0.030282553285360336, 0.9892874956130981, 0.14280495047569275, 0.10321000218391418, -0.13901197910308838, 0.9848976731300354), k1)
p('RightLowerLeg', CFrame.new(5.6069726639407236e-08, -0.0006647323607467115, -0.00033288003760389984, 1, -0, 0, 0, 0.5382646322250366, 0.8427758812904358, -0, -0.8427758812904358, 0.5382646322250366), k1)
p('LeftFoot', CFrame.new(8.131970616886974e-07, 0.000784072617534548, 5.728886662836885e-07, 0.9992445111274719, 0.023894045501947403, 0.030650943517684937, -0.019842546433210373, 0.9917966723442078, -0.12627626955509186, -0.033416748046875, 0.12557266652584076, 0.9915214776992798), k1)
p('LeftLowerArm', CFrame.new(-2.899828075442201e-07, -0.000002578765588623355, 2.2491495599297195e-07, 0.9996450543403625, 0.024104468524456024, 0.011344398371875286, -0.02050555869936943, 0.968036949634552, -0.24996790289878845, -0.017007140442728996, 0.24964657425880432, 0.9681876301765442), k1)
p('RightUpperArm', CFrame.new(0.0004944351967424154, 0.000029004813768551685, -0.00008853947656461969, 0.9988850951194763, -0.018151581287384033, 0.04357906058430672, 0.015587564557790756, 0.9981673955917358, 0.05847116559743881, -0.044560547918081284, -0.05772668123245239, 0.9973374605178833), k1)
local k2 = Instance.new('Keyframe') k2.Time = 0.041666668839752674 k2.Parent = s
p('RightFoot', CFrame.new(-8.724247209102032e-07, 0.001018668175674975, -0.00032487339922226965, 0.9983696937561035, 0.05702405050396919, 0.0025019487366080284, -0.04998800531029701, 0.894661545753479, -0.44393905997276306, -0.027553603053092957, 0.4430902302265167, 0.8960534930229187), k2)
p('LeftLowerLeg', CFrame.new(1.3015073818678502e-07, -5.765120647538424e-08, 5.9147488684629934e-08, 1, -0, 0, 0, 0.8866937756538391, 0.4623571038246155, -0, -0.4623571038246155, 0.8866937756538391), k2)
p('LeftUpperArm', CFrame.new(-0.0028778184205293655, 0.00007508288399549201, -0.00007873032882343978, 0.9983559846878052, 0.04915522411465645, -0.029480906203389168, -0.04304945096373558, 0.9826250672340393, 0.18053990602493286, 0.03784316033124924, -0.1789739429950714, 0.9831257462501526), k2)
p('LowerTorso', CFrame.new(-0.1551845520734787, -0.2026865929365158, -0.1551845520734787, 1, 0, 0, 0, 1, 0, 0, 0, 1), k2)
p('LeftUpperLeg', CFrame.new(-0.12807804346084595, -0.08994622528553009, -0.3305407762527466, 0.998663067817688, -0.04707358032464981, -0.021359015256166458, 0.0406821072101593, 0.9706387519836426, -0.23707696795463562, 0.03189193829894066, 0.23589107394218445, 0.9712560772895813), k2)
p('Head', CFrame.new(8.245517157945415e-09, -3.8437267591007185e-08, -1.166517691331137e-07, 1, 0, 0, 0, 1, 0, 0, 0, 1), k2)
p('RightHand', CFrame.new(-0.000016807520296424627, -0.0002973421069327742, -0.000009426174074178562, 0.9891392588615417, 0.09511476755142212, -0.1120566800236702, -0.06184682250022888, 0.9609475135803223, 0.2697311043739319, 0.13333600759506226, -0.259871244430542, 0.9563934206962585), k2)
p('RightUpperLeg', CFrame.new(0.1819630265235901, -0.4799758493900299, -0.0186455100774765, 0.9990705251693726, -0.03699995577335358, 0.022114649415016174, 0.0405607745051384, 0.9806021451950073, -0.1917659491300583, -0.01459033414721489, 0.19248469173908234, 0.9811914563179016), k2)
p('RightLowerArm', CFrame.new(-0.00166375155095011, 0.00033164137857966125, 5.836520813318202e-07, 0.9997040629386902, -0.021442238241434097, -0.011489765718579292, 0.011763195507228374, 0.8395144939422607, -0.543209969997406, 0.021293463185429573, 0.542914092540741, 0.8395182490348816), k2)
p('UpperTorso', CFrame.new(-2.5324051744490816e-09, 0, 2.5322333119248697e-09, 0.996825635433197, -0.006608964875340462, 0.07934070378541946, -0.00004301406443119049, 0.9965037703514099, 0.08354772627353668, -0.07961548119783401, -0.08328592777252197, 0.993340253829956), k2)
p('LeftHand', CFrame.new(0.000036863879358861595, 0.00008771677676122636, -0.000012141861589043401, 0.9942389726638794, 0.04493722692131996, -0.0973110944032669, -0.028877023607492447, 0.9866031408309937, 0.16056276857852936, 0.10322268307209015, -0.15682770311832428, 0.9822169542312622), k2)
p('RightLowerLeg', CFrame.new(1.4096707445787615e-07, -0.0006647445261478424, -0.00033297916525043547, 1, -0, 0, 0, 0.4300462603569031, 0.90280681848526, -0, -0.90280681848526, 0.4300462603569031), k2)
p('LeftFoot', CFrame.new(9.750108347361675e-07, 0.0004873221623711288, 1.400444773480558e-07, 0.9991861581802368, 0.026086552068591118, 0.030764659866690636, -0.01933416910469532, 0.9791322946548462, -0.20230209827423096, -0.03540003299713135, 0.20154264569282532, 0.9788398146629333), k2)
p('LeftLowerArm', CFrame.new(-6.726169488047162e-08, 6.589235113096947e-07, 6.926586593181128e-07, 0.9996556639671326, 0.023682650178670883, 0.011300231330096722, -0.01926276460289955, 0.9547309875488281, -0.2968461215496063, -0.017818786203861237, 0.2965262234210968, 0.9548584818840027), k2)
p('RightUpperArm', CFrame.new(0.0018448184709995985, 0.000031925610528560355, -0.00008706984954187647, 0.9989323616027832, -0.020038962364196777, 0.04162387549877167, 0.01664232835173607, 0.9966233968734741, 0.080404132604599, -0.04309454560279846, -0.07962557673454285, 0.9958928823471069), k2)
local k3 = Instance.new('Keyframe') k3.Time = 0.0750000043772161 k3.Parent = s
p('RightFoot', CFrame.new(-7.33434205812955e-07, 0.0011953853536397219, -0.0003142474452033639, 0.9982154369354248, 0.0597153939306736, 0.00024009961634874344, -0.05451386794447899, 0.9128921627998352, -0.4045443832874298, -0.02437671646475792, 0.4038093388080597, 0.9145183563232422), k3)
p('LeftLowerLeg', CFrame.new(2.2278658207142144e-07, -6.857719085928693e-07, 9.158434011169447e-08, 1, -0, 0, 0, 0.8878882527351379, 0.46005919575691223, -0, -0.46005919575691223, 0.8878882527351379), k3)
p('LeftUpperArm', CFrame.new(-0.0061192819848656654, 0.00005859620068804361, -0.00008513555803801864, 0.9985283017158508, 0.04191221669316292, -0.03441727161407471, -0.034653257578611374, 0.9812561869621277, 0.18956665694713593, 0.04171731323003769, -0.18809501826763153, 0.9812644720077515), k3)
p('LowerTorso', CFrame.new(-0.15807245671749115, -0.19001546502113342, -0.15807245671749115, 1, 0, 0, 0, 1, 0, 0, 0, 1), k3)
p('LeftUpperLeg', CFrame.new(-0.13063447177410126, -0.10844295471906662, -0.3157660663127899, 0.9986301064491272, -0.046891383826732635, -0.02321791462600231, 0.042098984122276306, 0.9835488200187683, -0.17566847801208496, 0.03107328899204731, 0.17445039749145508, 0.9841755628585815), k3)
p('Head', CFrame.new(-7.510525534826229e-09, -8.311535566463135e-07, 1.8357290798576287e-08, 1, 0, 0, 0, 1, 0, 0, 0, 1), k3)
p('RightHand', CFrame.new(-0.00001753105243551545, -0.0002976602117996663, -0.000008745935701881535, 0.9889076352119446, 0.09088528901338577, -0.11747990548610687, -0.05622861534357071, 0.961146354675293, 0.2702518701553345, 0.13747729361057281, -0.2606484293937683, 0.9555953145027161), k3)
p('RightUpperLeg', CFrame.new(0.17940659821033478, -0.4614779055118561, -0.033420223742723465, 0.9989748597145081, -0.0342114120721817, 0.029644634574651718, 0.0421644002199173, 0.9415202140808105, -0.3343079090118408, -0.01647387444972992, 0.33521515130996704, 0.9419975280761719), k3)
p('RightLowerArm', CFrame.new(-0.0016638956731185317, 0.00033260739292018116, 9.472096849094669e-07, 0.9997052550315857, -0.02138034999370575, -0.011502126231789589, 0.01154980156570673, 0.8355521559715271, -0.5492898225784302, 0.021354632452130318, 0.5489950180053711, 0.8355528116226196), k3)
p('UpperTorso', CFrame.new(-2.349010319591116e-09, 0, 2.348838457066904e-09, 0.9973978400230408, -0.0059729027561843395, 0.07184620201587677, -0.00004981504753232002, 0.9965047836303711, 0.08353545516729355, -0.07209403812885284, -0.08332166820764542, 0.9939114451408386), k3)
p('LeftHand', CFrame.new(0.00002509348269086331, 0.000057691893744049594, -0.000009818734724831302, 0.9945899248123169, 0.044239044189453125, -0.09398806095123291, -0.02704581804573536, 0.9838590621948242, 0.17688924074172974, 0.10029642283916473, -0.17339026927947998, 0.9797328114509583), k3)
p('RightLowerLeg', CFrame.new(-1.8120746858585335e-07, -0.0006653741584159434, -0.0003328068123664707, 1, -0, 0, 0, 0.3640204071998596, 0.9313909411430359, -0, -0.9313909411430359, 0.3640204071998596), k3)
p('LeftFoot', CFrame.new(3.0405831807911454e-07, 0.0008539334521628916, 6.157944199003396e-07, 0.9991347789764404, 0.02768670953810215, 0.03103405237197876, -0.018619095906615257, 0.9650242924690247, -0.2614985406398773, -0.03718864917755127, 0.2606944739818573, 0.9647048115730286), k3)
p('LeftLowerArm', CFrame.new(2.7098431587546656e-07, -6.310361868600012e-07, 7.232161465253739e-07, 0.9996659755706787, 0.023254569619894028, 0.011276540346443653, -0.01796773076057434, 0.9389739036560059, -0.34351879358291626, -0.018576759845018387, 0.3432014584541321, 0.9390780925750732), k3)
p('RightUpperArm', CFrame.new(0.003924385644495487, 0.000030999806767795235, -0.0000829790296847932, 0.9989835023880005, -0.02212783880531788, 0.0392724983394146, 0.017831670120358467, 0.9941466450691223, 0.1065572202205658, -0.04140050336718559, -0.10574860870838165, 0.9935306906700134), k3)
local k4 = Instance.new('Keyframe') k4.Time = 0.10833333991467953 k4.Parent = s
p('RightFoot', CFrame.new(-0.0000010205827720710658, 0.00122066808398813, -0.0003122094494756311, 0.9981284141540527, 0.06109904125332832, -0.0025691199116408825, -0.0584053210914135, 0.9399876594543457, -0.3361724615097046, -0.018124883994460106, 0.335693359375, 0.9417968988418579), k4)
p('LeftLowerLeg', CFrame.new(6.357576154414346e-08, -9.79823767011112e-07, -8.851737476334165e-08, 1, -0, 0, 0, 0.8975123763084412, 0.44098925590515137, -0, -0.44098925590515137, 0.8975123763084412), k4)
p('LeftUpperArm', CFrame.new(-0.010327297262847424, 0.000045376345951808617, -0.00008987858745967969, 0.998669445514679, 0.033211637288331985, -0.03945092856884003, -0.025069884955883026, 0.9811937808990479, 0.19139041006565094, 0.04506538808345795, -0.19014672935009003, 0.9807208180427551), k4)
p('LowerTorso', CFrame.new(-0.15967907011508942, -0.173148050904274, -0.15967907011508942, 1, 0, 0, 0, 1, 0, 0, 0, 1), k4)
p('LeftUpperLeg', CFrame.new(-0.1339540034532547, -0.13244450092315674, -0.2965855896472931, 0.998621940612793, -0.04577662795782089, -0.02566487528383732, 0.042770467698574066, 0.9932891726493835, -0.10745854675769806, 0.03041171468794346, 0.10621276497840881, 0.9938782453536987), k4)
p('Head', CFrame.new(-9.633321695901031e-09, 6.882395950924547e-07, 7.30075271349051e-08, 1, 0, 0, 0, 1, 0, 0, 0, 1), k4)
p('RightHand', CFrame.new(-0.000017902219042298384, -0.0002948514884337783, -0.000009661684998718556, 0.9885583519935608, 0.08616702258586884, -0.12380484491586685, -0.05027000606060028, 0.9620550274848938, 0.2681846618652344, 0.142215758562088, -0.2588925361633301, 0.9553791284561157), k4)
p('RightUpperLeg', CFrame.new(0.17609107494354248, -0.4374638795852661, -0.05260073021054268, 0.9988991618156433, -0.030001716688275337, 0.03605993837118149, 0.04311905428767204, 0.8899548053741455, -0.45400577783584595, -0.0184707622975111, 0.4550608992576599, 0.8902687430381775), k4)
p('RightLowerArm', CFrame.new(-0.0016644933493807912, 0.00033156442805193365, 8.57801865095098e-07, 0.9997055530548096, -0.021364524960517883, -0.011505363509058952, 0.011495114304125309, 0.8345309495925903, -0.5508411526679993, 0.021370040252804756, 0.5505467057228088, 0.8345308303833008), k4)
p('UpperTorso', CFrame.new(-2.246653085791195e-09, 0, 2.246481223266983e-09, 0.9980602264404297, -0.005168362520635128, 0.06204082816839218, -0.00003156950697302818, 0.996505856513977, 0.0835224837064743, -0.062255725264549255, -0.08336243033409119, 0.9945726990699768), k4)
p('LeftHand', CFrame.new(0.00004797918154508807, 0.00010808339720824733, -0.00001975360282813199, 0.9951801896095276, 0.0423264317214489, -0.08845824003219604, -0.024910185486078262, 0.9815782904624939, 0.18942944705486298, 0.09484656155109406, -0.18631292879581451, 0.9779016375541687), k4)
p('RightLowerLeg', CFrame.new(-1.361366201990677e-07, -0.0006654152530245483, -0.00033272188738919795, 1, -0, 0, 0, 0.3463160991668701, 0.9381178617477417, -0, -0.9381178617477417, 0.3463160991668701), k4)
p('LeftFoot', CFrame.new(6.067119784347597e-07, 0.0005829728324897587, 4.882608664047439e-07, 0.9990932941436768, 0.028828604146838188, 0.03132825717329979, -0.017847267910838127, 0.9516788721084595, -0.3065759241580963, -0.03865259513258934, 0.3057388365268707, 0.9513305425643921), k4)
p('LeftLowerArm', CFrame.new(-2.1865569976853294e-07, -0.0000020122574824199546, 7.525582077505533e-07, 0.9996748566627502, 0.022871114313602448, 0.01127324253320694, -0.016779031604528427, 0.9229470491409302, -0.38456112146377563, -0.019199946895241737, 0.38424694538116455, 0.92303067445755), k4)
p('RightUpperArm', CFrame.new(0.006625112146139145, 0.000037345474993344396, -0.00008019881352083758, 0.9990384578704834, -0.024610258638858795, 0.03628307580947876, 0.019532587379217148, 0.9907620549201965, 0.13419799506664276, -0.039250537753105164, -0.13336025178432465, 0.990290105342865), k4)
local k5 = Instance.new('Keyframe') k5.Time = 0.14583334233611822 k5.Parent = s
p('RightFoot', CFrame.new(-0.0000010929841209872393, 0.0010866366792470217, -0.0003208564012311399, 0.9981245994567871, 0.0608815997838974, -0.006384445354342461, -0.06072341650724411, 0.9715056419372559, -0.2291059046983719, -0.007745797745883465, 0.22906391322612762, 0.9733805656433105), k5)
p('LeftLowerLeg', CFrame.new(3.049189274406672e-07, 1.9836426190522616e-07, -1.1133758448522713e-07, 1, -0, 0, 0, 0.9159885048866272, 0.4012044370174408, -0, -0.4012044370174408, 0.9159885048866272), k5)
p('LeftUpperArm', CFrame.new(-0.015989573672413826, 0.000027391930416342802, -0.00009475387196289375, 0.9987291097640991, 0.02294529229402542, -0.0448743999004364, -0.014416411519050598, 0.9832138419151306, 0.18188640475273132, 0.048294566571712494, -0.18100830912590027, 0.9822950959205627), k5)
p('LowerTorso', CFrame.new(-0.15590858459472656, -0.14984944462776184, -0.15590858459472656, 1, 0, 0, 0, 1, 0, 0, 0, 1), k5)
p('LeftUpperLeg', CFrame.new(-0.13841994106769562, -0.16474296152591705, -0.2707786560058594, 0.9986843466758728, -0.042649220675230026, -0.028471583500504494, 0.041929204016923904, 0.9987970590591431, -0.02542467601597309, 0.029521668329834938, 0.024197446182370186, 0.9992712140083313), k5)
p('Head', CFrame.new(-1.4970379380585541e-09, -2.1785301385079947e-07, 4.3498381785411766e-08, 1, 0, 0, 0, 1, 0, 0, 0, 1), k5)
p('RightHand', CFrame.new(-0.000016013165804906748, -0.0002970026107504964, -0.000008470907232549507, 0.9879934191703796, 0.08045782893896103, -0.13189227879047394, -0.04340216517448425, 0.9638580083847046, 0.2628573477268219, 0.14827437698841095, -0.2539769113063812, 0.9557774066925049), k5)
p('RightUpperLeg', CFrame.new(0.17163459956645966, -0.4051654636859894, -0.0784076452255249, 0.9988542795181274, -0.024061134085059166, 0.041366096585989, 0.04305294156074524, 0.8292226791381836, -0.5572577714920044, -0.020893454551696777, 0.5584002733230591, 0.8293085098266602), k5)
p('RightLowerArm', CFrame.new(-0.0016643817070871592, 0.0003333505301270634, 7.679038844798924e-07, 0.9997044801712036, -0.021421242505311966, -0.011493908241391182, 0.011690862476825714, 0.8381752967834473, -0.5452756285667419, 0.021314391866326332, 0.5449801087379456, 0.8381780385971069), k5)
p('UpperTorso', CFrame.new(-2.4866415593294278e-09, 0, 2.4864699188498207e-09, 0.9987950921058655, -0.0040605501271784306, 0.04890727251768112, -0.00003777816891670227, 0.9965071678161621, 0.0835069939494133, -0.04907553642988205, -0.08340821415185928, 0.9953063130378723), k5)
p('LeftHand', CFrame.new(0.000012873369996668771, 0.00002787938865367323, -0.0000051230003919044975, 0.9960737228393555, 0.03802014887332916, -0.07994735985994339, -0.0215646643191576, 0.9800825715065002, 0.19741621613502502, 0.08586079627275467, -0.19491708278656006, 0.9770544171333313), k5)
p('RightLowerLeg', CFrame.new(1.22442543215584e-07, -0.0006652273004874587, -0.0003331073385197669, 0.9999999403953552, -0, 0, 0, 0.38306039571762085, 0.9237232208251953, -0, -0.9237232208251953, 0.38306039571762085), k5)
p('LeftFoot', CFrame.new(3.663508039153385e-07, 0.0006608344847336411, 2.2366199559087363e-08, 0.9990947246551514, 0.028665728867053986, 0.03143208473920822, -0.01622956618666649, 0.9398332238197327, -0.3412478566169739, -0.03932303935289383, 0.34042882919311523, 0.9394477009773254), k5)
p('LeftLowerArm', CFrame.new(-4.357698557555523e-08, 4.860470994572097e-07, 7.539834427916503e-07, 0.9996821284294128, 0.022546080872416496, 0.011283695697784424, -0.015750275924801826, 0.9079493880271912, -0.4187837243080139, -0.01968695968389511, 0.41847288608551025, 0.9080158472061157), k5)
p('RightUpperArm', CFrame.new(0.0102566909044981, 0.00003870331420330331, -0.0000743281125323847, 0.9991177916526794, -0.027058640494942665, 0.03211667761206627, 0.021455692127346992, 0.9863083362579346, 0.16351020336151123, -0.03610130771994591, -0.1626768708229065, 0.986018717288971), k5)
local k6 = Instance.new('Keyframe') k6.Time = 0.18333334429189563 k6.Parent = s
p('RightFoot', CFrame.new(-0.0000011829190498247044, 0.0009524542256258428, -0.00032831987482495606, 0.9983435273170471, 0.05622893571853638, -0.012185188941657543, -0.057125166058540344, 0.9939677119255066, -0.0936208963394165, 0.006847466342151165, 0.09416189789772034, 0.9955333471298218), k6)
p('LeftLowerLeg', CFrame.new(-4.860842395260079e-08, -9.027908198788737e-09, -4.2265259736495864e-08, 1, -0, 0, 0, 0.9369897246360779, 0.3493569493293762, -0, -0.3493569493293762, 0.9369897246360779), k6)
p('LeftUpperArm', CFrame.new(-0.022417841479182243, 0.000015730767700006254, -0.00010189111344516277, 0.998616635799408, 0.01647862046957016, -0.049933165311813354, -0.008728532120585442, 0.988399863243103, 0.15162287652492523, 0.05185247212648392, -0.1509772688150406, 0.9871763586997986), k6)
p('LowerTorso', CFrame.new(-0.12823684513568878, -0.1245838925242424, -0.12823684513568878, 1, 0, 0, 0, 1, 0, 0, 0, 1), k6)
p('LeftUpperLeg', CFrame.new(-0.14348465204238892, -0.20142732560634613, -0.241485133767128, 0.9989773631095886, -0.034627534449100494, -0.02907143533229828, 0.036152541637420654, 0.9979033470153809, 0.05368313565850258, 0.027151577174663544, -0.05467924103140831, 0.9981347322463989), k6)
p('Head', CFrame.new(7.956465708502947e-09, -0.000001496658683208807, 2.4237472473487287e-08, 1, 0, 0, 0, 1, 0, 0, 0, 1), k6)
p('RightHand', CFrame.new(-0.00001463915305066621, -0.0002983007289003581, -0.00000927308701648144, 0.9873827695846558, 0.07146185636520386, -0.14130982756614685, -0.032527755945920944, 0.964880645275116, 0.26066717505455017, 0.15497487783432007, -0.25278177857398987, 0.9550309777259827), k6)
p('RightUpperLeg', CFrame.new(0.16655640304088593, -0.36848175525665283, -0.1077011451125145, 0.9989234805107117, -0.014875005930662155, 0.043937962502241135, 0.03922874853014946, 0.7764056324958801, -0.6290113925933838, -0.024757135659456253, 0.6300579309463501, 0.7761533856391907), k6)
p('RightLowerArm', CFrame.new(-0.0016643994022160769, 0.00033122673630714417, 8.223958047892665e-07, 0.9997029304504395, -0.021500645205378532, -0.011478529311716557, 0.01196388341486454, 0.8432078957557678, -0.5374544262886047, 0.021234404295682907, 0.5371574759483337, 0.8432146906852722), k6)
p('UpperTorso', CFrame.new(-4.245677587277896e-09, 0, 4.245505724753684e-09, 0.9994175434112549, -0.0027941090520471334, 0.034010741859674454, -0.00005831662565469742, 0.996501088142395, 0.08357958495616913, -0.03412527218461037, -0.08353288471698761, 0.9959205389022827), k6)
p('LeftHand', CFrame.new(0.000013579468031821307, 0.00003524381827446632, -0.000006902956556587014, 0.9973276853561401, 0.027646224945783615, -0.06762542575597763, -0.013860609382390976, 0.9804262518882751, 0.19639812409877777, 0.07173141092061996, -0.19493596255779266, 0.9781894087791443), k6)
p('RightLowerLeg', CFrame.new(9.239108322844913e-08, -0.0006656848709098995, -0.0003322386764921248, 1, -0, 0, 0, 0.47207242250442505, 0.8815597891807556, -0, -0.8815597891807556, 0.47207242250442505), k6)
p('LeftFoot', CFrame.new(1.818340109593919e-07, 0.0005474076606333256, 1.9611356094628718e-07, 0.99927818775177, 0.02345234900712967, 0.02988412231206894, -0.011083722114562988, 0.9324460625648499, -0.36113905906677246, -0.036334894597530365, 0.36054718494415283, 0.9320330023765564), k6)
p('LeftLowerArm', CFrame.new(9.025979075261148e-09, -8.748251616452762e-07, 4.954775931764743e-07, 0.9996844530105591, 0.02243874967098236, 0.011289821937680244, -0.015406264923512936, 0.9027109742164612, -0.42997145652770996, -0.019839469343423843, 0.4296618700027466, 0.9027718305587769), k6)
p('RightUpperArm', CFrame.new(0.014382141642272472, 0.00003482793545117602, -0.00007097494381014258, 0.9992363452911377, -0.02639707922935486, 0.028808925300836563, 0.02047392725944519, 0.9816924929618835, 0.18936887383460999, -0.03328029811382294, -0.18863442540168762, 0.9814832806587219), k6)
local k7 = Instance.new('Keyframe') k7.Time = 0.22083334671333432 k7.Parent = s
p('RightFoot', CFrame.new(-0.0000011686762491081026, 0.0009906808845698833, -0.0003309378516860306, 0.9985132217407227, 0.05176352709531784, -0.017085324972867966, -0.05089087039232254, 0.9975466132164001, 0.04807206615805626, 0.01953178644180298, -0.04713110253214836, 0.9986977577209473), k7)
p('LeftLowerLeg', CFrame.new(3.1398716515695924e-08, 1.186811715570002e-07, 1.0580540887872303e-08, 1, -0, 0, 0, 0.9557125568389893, 0.29430174827575684, -0, -0.29430174827575684, 0.9557125568389893), k7)
p('LeftUpperArm', CFrame.new(-0.029368028044700623, 0.000010855480468308087, -0.00010631207987898961, 0.9984976649284363, 0.010102341882884502, -0.053854383528232574, -0.0038439128547906876, 0.9933499693870544, 0.1150696650147438, 0.05465872585773468, -0.11468978971242905, 0.9918965101242065), k7)
p('LowerTorso', CFrame.new(-0.10060878843069077, -0.10263659805059433, -0.10060878843069077, 1, 0, 0, 0, 1, 0, 0, 0, 1), k7)
p('LeftUpperLeg', CFrame.new(-0.14895707368850708, -0.2410682737827301, -0.20980797708034515, 0.999235212802887, -0.02641083486378193, -0.028835434466600418, 0.029921015724539757, 0.9911924600601196, 0.12900497019290924, 0.0251743383705616, -0.12976910173892975, 0.9912246465682983), k7)
p('Head', CFrame.new(-1.1781524644760566e-09, 1.6288668192032674e-09, -2.1226661317541584e-08, 1, 0, 0, 0, 1, 0, 0, 0, 1), k7)
p('RightHand', CFrame.new(-0.00006661408406216651, -0.0001919176138471812, -0.00003503072730381973, 0.986296534538269, 0.06459985673427582, -0.15180911123752594, -0.02394391968846321, 0.9664599895477295, 0.2556985914707184, 0.16323553025722504, -0.24855974316596985, 0.9547629356384277), k7)
p('RightUpperLeg', CFrame.new(0.16108401119709015, -0.32884010672569275, -0.13936622440814972, 0.9989566206932068, -0.007899007759988308, 0.044979553669691086, 0.035884253680706024, 0.7449707984924316, -0.6661311388015747, -0.0282466821372509, 0.6670502424240112, 0.7444770336151123), k7)
p('RightLowerArm', CFrame.new(-0.001664342824369669, 0.00033044134033843875, 7.621063105034409e-07, 0.9997004270553589, -0.02162832021713257, -0.01145540177822113, 0.012400294654071331, 0.8511289954185486, -0.5248101353645325, 0.021100785583257675, 0.52451092004776, 0.8511422276496887), k7)
p('UpperTorso', CFrame.new(1.9677118268113247e-10, 0, -1.969429480608298e-10, 0.9998399019241333, -0.001454563345760107, 0.017832620069384575, -0.00004082935629412532, 0.9965017437934875, 0.08357197791337967, -0.017891796305775642, -0.08355932682752609, 0.9963421821594238), k7)
p('LeftHand', CFrame.new(0.000016266274542431347, 0.000033518859709147364, -0.000007856379852455575, 0.9984483122825623, 0.016473719850182533, -0.05319343879818916, -0.006010597106069326, 0.981540858745575, 0.1911582201719284, 0.055360618978738785, -0.19054187834262848, 0.9801168441772461), k7)
p('RightLowerLeg', CFrame.new(-1.1806146460457967e-07, -0.0006645623943768442, -0.0003329742175992578, 1, -0, 0, 0, 0.593653678894043, 0.8047206401824951, -0, -0.8047206401824951, 0.593653678894043), k7)
p('LeftFoot', CFrame.new(3.764397433769773e-07, 0.000663931539747864, 4.497383088164497e-07, 0.9994358420372009, 0.017941253259778023, 0.028392359614372253, -0.006089263129979372, 0.9281506538391113, -0.37215501070022583, -0.03302931413054466, 0.3717721700668335, 0.927736222743988), k7)
p('LeftLowerArm', CFrame.new(-1.993110920750496e-08, -0.0000021024266061431263, 7.761403821859858e-07, 0.9996854066848755, 0.022396311163902283, 0.011292614974081516, -0.015269692055881023, 0.900601327419281, -0.43437784910202026, -0.019898604601621628, 0.4340687394142151, 0.90065997838974), k7)
p('RightUpperArm', CFrame.new(0.018841402605175972, 0.00003744497007573955, -0.0000647194538032636, 0.9993262887001038, -0.02720184437930584, 0.024638935923576355, 0.02130291797220707, 0.9765722751617432, 0.21413257718086243, -0.029886502772569656, -0.2134634256362915, 0.976493775844574), k7)
local k8 = Instance.new('Keyframe') k8.Time = 0.2583333496004343 k8.Parent = s
p('RightFoot', CFrame.new(-0.0000010110387620443362, 0.0010267557809129357, -0.00033238649484701455, 0.9986346960067749, 0.04834766313433647, -0.019778935238718987, -0.044424522668123245, 0.9852372407913208, 0.16533011198043823, 0.02748025767505169, -0.1642257273197174, 0.986039936542511), k8)
p('LeftLowerLeg', CFrame.new(1.1544611311364861e-07, -3.967285238104523e-07, 4.863741054350612e-08, 1, -0, 0, 0, 0.9699127674102783, 0.24345269799232483, -0, -0.24345269799232483, 0.9699127674102783), k8)
p('LeftUpperArm', CFrame.new(-0.036574456840753555, 0.0000013011436976739787, -0.00010857404413400218, 0.9984279274940491, 0.0019606398418545723, -0.056015871465206146, 0.0025753527879714966, 0.9967278242111206, 0.08079004287719727, 0.055990979075431824, -0.08080729842185974, 0.9951558709144592), k8)
p('LowerTorso', CFrame.new(-0.08592809736728668, -0.08633450418710709, -0.08592809736728668, 1, 0, 0, 0, 1, 0, 0, 0, 1), k8)
p('LeftUpperLeg', CFrame.new(-0.1546468585729599, -0.28219181299209595, -0.17696884274482727, 0.999363362789154, -0.020715730264782906, -0.029047710821032524, 0.02611147053539753, 0.979486346244812, 0.19981148838996887, 0.024312591180205345, -0.20044276118278503, 0.9794036746025085), k8)
p('Head', CFrame.new(1.169391361521832e-09, 0, 1.246131020593566e-08, 1, 0, 0, 0, 1, 0, 0, 0, 1), k8)
p('RightHand', CFrame.new(-0.00004925148459733464, -0.00022953946609050035, -0.000024316330382134765, 0.9847191572189331, 0.06290978193283081, -0.16239012777805328, -0.021738741546869278, 0.9695833921432495, 0.2437938153743744, 0.17278780043125153, -0.23653829097747803, 0.9561349153518677), k8)
p('RightUpperLeg', CFrame.new(0.15539421141147614, -0.2877165973186493, -0.1722174733877182, 0.9989898204803467, -0.004363131709396839, 0.044723764061927795, 0.03356989473104477, 0.7340804934501648, -0.6782321929931641, -0.029871629551053047, 0.6790484189987183, 0.7334854602813721), k8)
p('RightLowerArm', CFrame.new(-0.0016641715774312615, 0.0003307755687274039, 7.470295599887322e-07, 0.9996960759162903, -0.02184845507144928, -0.01142012607306242, 0.01314531173557043, 0.8642949461936951, -0.5028135180473328, 0.020856056362390518, 0.5025106072425842, 0.8643194437026978), k8)
p('UpperTorso', CFrame.new(-7.364311382929145e-10, 0, 7.362594978133075e-10, 0.9999994039535522, -0.00007152707257773727, 0.0011151719372719526, -0.000021917718186159618, 0.9965019226074219, 0.08356931805610657, -0.0011172485537827015, -0.08356928825378418, 0.9965013265609741), k8)
p('LeftHand', CFrame.new(0.000016061005226220004, 0.00003485337583697401, -0.000007474659923900617, 0.9992357492446899, 0.00787334330379963, -0.03828687593340874, -0.0006612190045416355, 0.9827682971954346, 0.18484047055244446, 0.03908244147896767, -0.18467390537261963, 0.9820224642753601), k8)
p('RightLowerLeg', CFrame.new(-3.759861399998954e-08, -0.0006646862020716071, -0.0003334182547405362, 1, -0, 0, 0, 0.7054644823074341, 0.7087453007698059, -0, -0.7087453007698059, 0.7054644823074341), k8)
p('LeftFoot', CFrame.new(-1.4935764625079173e-07, 0.0006181325879879296, 2.686351194824965e-07, 0.9994983673095703, 0.01480361819267273, 0.027998995035886765, -0.0031677582301199436, 0.9263341426849365, -0.3766895830631256, -0.0315127931535244, 0.37641188502311707, 0.925916314125061), k8)
p('LeftLowerArm', CFrame.new(-4.960226647199306e-07, -0.0000010787691735458793, 5.563152285503747e-07, 0.9996868968009949, 0.022327717393636703, 0.011297564022243023, -0.015048183500766754, 0.8971431851387024, -0.44148358702659607, -0.019992850720882416, 0.44117531180381775, 0.8971982598304749), k8)
p('RightUpperArm', CFrame.new(0.02346586249768734, 0.000046536770241800696, -0.00005794704338768497, 0.9993254542350769, -0.0317385271191597, 0.0184754841029644, 0.0264776349067688, 0.971294105052948, 0.23640349507331848, -0.025448229163885117, -0.2357548475265503, 0.9714792966842651), k8)
local k9 = Instance.new('Keyframe') k9.Time = 0.2958333515562117 k9.Parent = s
p('RightFoot', CFrame.new(-4.433809976944758e-07, 0.001193583128042519, -0.00033236475428566337, 0.9988393187522888, 0.04358261078596115, -0.02050814963877201, -0.03738190233707428, 0.9699186086654663, 0.24054189026355743, 0.030374685302376747, -0.23949606716632843, 0.970422089099884), k9)
p('LeftLowerLeg', CFrame.new(-5.7411970288967495e-08, 9.689466651252587e-08, 6.412036412939415e-08, 1, -0, 0, 0, 0.98418790102005, 0.17712756991386414, -0, -0.17712756991386414, 0.98418790102005), k9)
p('LeftUpperArm', CFrame.new(-0.04379589110612869, -0.000010257069334329572, -0.00010857404413400218, 0.998367428779602, -0.006637850776314735, -0.05673137307167053, 0.00929461233317852, 0.9988659024238586, 0.04669573903083801, 0.05635707825422287, -0.04714679718017578, 0.9972968697547913), k9)
p('LowerTorso', CFrame.new(-0.07892455160617828, -0.075504370033741, -0.07892773300409317, 1, 0, 0, 0, 1, 0, 0, 0, 1), k9)
p('LeftUpperLeg', CFrame.new(-0.16034537553787231, -0.32339370250701904, -0.14405229687690735, 0.9994261264801025, -0.016186771914362907, -0.02975604496896267, 0.02367418073117733, 0.9620601534843445, 0.27180829644203186, 0.024227401241660118, -0.272356778383255, 0.961891233921051), k9)
p('Head', CFrame.new(-5.609547049090224e-09, -9.186758909152104e-09, -7.5342235561493e-08, 1, 0, 0, 0, 1, 0, 0, 0, 1), k9)
p('RightHand', CFrame.new(-0.000024672288418514654, -0.00028007960645481944, -0.000011778513908211607, 0.9828566908836365, 0.06553862243890762, -0.17232947051525116, -0.025348762050271034, 0.9738460779190063, 0.22579030692577362, 0.1826203614473343, -0.21755115687847137, 0.958812415599823), k9)
p('RightUpperLeg', CFrame.new(0.14969570934772491, -0.2465146780014038, -0.20512625575065613, 0.999119222164154, -0.0022033685818314552, 0.04190294072031975, 0.02973402664065361, 0.7417995929718018, -0.6699621081352234, -0.029607411473989487, 0.6706179976463318, 0.7412117719650269), k9)
p('RightLowerArm', CFrame.new(-0.0016638344386592507, 0.00033055004314519465, 5.389002240008267e-07, 0.9996894001960754, -0.02217300981283188, -0.011378603056073189, 0.014226810075342655, 0.8825863599777222, -0.46993502974510193, 0.02046247385442257, 0.46962717175483704, 0.8826276659965515), k9)
p('UpperTorso', CFrame.new(-1.181539532879583e-09, 0, 1.1813677813776735e-09, 0.9998770356178284, 0.0012629602570086718, -0.015629447996616364, 0.00004763994365930557, 0.9965018033981323, 0.08357162773609161, 0.01568032056093216, -0.08356209099292755, 0.9963791966438293), k9)
p('LeftHand', CFrame.new(0.00001646431155677419, 0.000036999765143264085, -0.00000784957501309691, 0.9997329115867615, 0.0008500537369400263, -0.023095328360795975, 0.003247232874855399, 0.9842432141304016, 0.17679019272327423, 0.022881701588630676, -0.17681796848773956, 0.9839775562286377), k9)
p('RightLowerLeg', CFrame.new(-1.1915852837773855e-07, -0.000664828869048506, -0.0003325394354760647, 1, -0, 0, 0, 0.7891198396682739, 0.6142392158508301, -0, -0.6142392158508301, 0.7891198396682739), k9)
p('LeftFoot', CFrame.new(1.2168613672258743e-08, 0.0006301993271335959, 4.1894352875715413e-07, 0.9995170831680298, 0.01307870913296938, 0.02818828634917736, -0.0015647318214178085, 0.9271480441093445, -0.3746918737888336, -0.031035201624035835, 0.37446680665016174, 0.9267207980155945), k9)
p('LeftLowerArm', CFrame.new(0, -0.0000025879878648993326, 5.322139600139053e-07, 0.9996880888938904, 0.022271931171417236, 0.011301993392407894, -0.014867409132421017, 0.894288182258606, -0.4472444951534271, -0.02006823569536209, 0.4469369351863861, 0.8943403363227844), k9)
p('RightUpperArm', CFrame.new(0.02809804305434227, 0.00006104929343564436, -0.000048563793825451285, 0.9991878867149353, -0.0388866625726223, 0.010555814951658249, 0.03495612367987633, 0.966852068901062, 0.2529330849647522, -0.02004164084792137, -0.25235867500305176, 0.9674261808395386), k9)
local k10 = Instance.new('Keyframe') k10.Time = 0.32916668616235256 k10.Parent = s
p('RightFoot', CFrame.new(-6.359890676321811e-07, 0.0013963602250441909, -0.00033252520370297134, 0.999138355255127, 0.036527350544929504, -0.019704043865203857, -0.03037281334400177, 0.9670805931091309, 0.25265124440193176, 0.028284072875976562, -0.25183507800102234, 0.96735680103302), k10)
p('LeftLowerLeg', CFrame.new(2.331539690203499e-07, -3.967285238104523e-07, 8.266103357357224e-09, 1, -0, 0, 0, 0.9935504794120789, 0.11339055746793747, -0, -0.11339055746793747, 0.9935504794120789), k10)
p('LeftUpperArm', CFrame.new(-0.05002821609377861, -0.000020029168808832765, -0.00010857404413400218, 0.9983249306678772, -0.013597847893834114, -0.056235454976558685, 0.014470556750893593, 0.9997806549072266, 0.015141013078391552, 0.05601723492145538, -0.01592940092086792, 0.9983027577400208), k10)
p('LowerTorso', CFrame.new(-0.07433832436800003, -0.07028812915086746, -0.07433832436800003, 1, 0, 0, 0, 1, 0, 0, 0, 1), k10)
p('LeftUpperLeg', CFrame.new(-0.16525404155254364, -0.35895565152168274, -0.11565210670232773, 0.999463677406311, -0.012612104415893555, -0.03022002801299095, 0.021931622177362442, 0.9431159496307373, 0.33173978328704834, 0.024317055940628052, -0.33222466707229614, 0.9428867697715759), k10)
p('Head', CFrame.new(3.901527101390911e-09, -3.3913974561983196e-07, 2.953149902396035e-08, 1, 0, 0, 0, 1, 0, 0, 0, 1), k10)
p('RightHand', CFrame.new(-0.000014625470612372737, -0.00030004081781953573, -0.0000068737213041458745, 0.9811078906059265, 0.07023295760154724, -0.18026255071163177, -0.03209380432963371, 0.9779520034790039, 0.2063487470149994, 0.1907806247472763, -0.19666507840156555, 0.9617304801940918), k10)
p('RightUpperLeg', CFrame.new(0.1447870284318924, -0.21096141636371613, -0.23353420197963715, 0.9993462562561035, 0.0009846733883023262, 0.03613900765776634, 0.023025937378406525, 0.7533137798309326, -0.6572580337524414, -0.02787119522690773, 0.6576604843139648, 0.7527986764907837), k10)
p('RightLowerArm', CFrame.new(-0.0016640260582789779, 0.00033058729604817927, 9.004459684547328e-07, 0.9996815919876099, -0.022537030279636383, -0.011346699669957161, 0.015416182577610016, 0.9015355110168457, -0.4324303865432739, 0.019975150004029274, 0.432117760181427, 0.9015958905220032), k10)
p('UpperTorso', CFrame.new(-1.4733467779137754e-09, 0, 1.473175026411866e-09, 0.9995434880256653, 0.0024941666051745415, -0.030108679085969925, 0.00003099720925092697, 0.9965012669563293, 0.08357765525579453, 0.03021179512143135, -0.0835404321551323, 0.9960463047027588), k10)
p('LeftHand', CFrame.new(0.000016417123333667405, 0.00003746077709365636, -0.000008410177542828023, 0.9999435544013977, -0.0047639841213822365, -0.009497125633060932, 0.0062894439324736595, 0.9858180284500122, 0.16769982874393463, 0.008563517592847347, -0.16775010526180267, 0.985792338848114), k10)
p('RightLowerLeg', CFrame.new(1.1016381762374294e-07, -0.0006651788135059178, -0.00033292718580923975, 1, -0, 0, 0, 0.8205443620681763, 0.5715828537940979, -0, -0.5715828537940979, 0.8205443620681763), k10)
p('LeftFoot', CFrame.new(-1.977800394570295e-07, 0.0006390749476850033, 3.2471473332407186e-07, 0.9995222091674805, 0.01191381923854351, 0.028521187603473663, -0.0004866938106715679, 0.928683876991272, -0.3708719313144684, -0.030905667692422867, 0.3706808388233185, 0.9282459020614624), k10)
p('LeftLowerArm', CFrame.new(-1.4471936538029695e-08, -0.0000017277977804042166, 7.013936169641966e-07, 0.9996882677078247, 0.02226101979613304, 0.011302897706627846, -0.014831993728876114, 0.8937255144119263, -0.4483689069747925, -0.02008284069597721, 0.4480615258216858, 0.8937771320343018), k10)
p('RightUpperArm', CFrame.new(0.03209652751684189, 0.00007503908273065463, -0.00004022310167783871, 0.9989216923713684, -0.046338386833667755, 0.002861708402633667, 0.043978117406368256, 0.9641924500465393, 0.26153165102005005, -0.014878200367093086, -0.26112377643585205, 0.9651906490325928), k10)
local k11 = Instance.new('Keyframe') k11.Time = 0.3625000212341547 k11.Parent = s
